1374443613485030000 
1452970135984250000 
1362358437577900000 
1362239940029910000 
1361501689673510000 
1308137828665220000 
1308136255343950000 
1306696339674270000 
1306702711853850000 
1306697374056800000 
1306703220799130000 
1306701213275170000 
1306694344175480000 
1306691410134000000 
1306202543207350000 
1305915604474430000 
1305911747207880000 
1305900166503850000 
1305866716191370000 
1305483386224610000 
1304108146227580000 
1304097799848550000 
1303789362849680000 
1303788975304450000 
1303775453203890000 
1280847907617490000 
1280847326236540000 
1280582369188150000 
1280517157722480000 
1280516617185690000 
1280514981260390000 
1280514933638270000 
1280509866075970000 
1280507872548350000 
1280507503705540000 
1280505440032430000 
1280504224351160000 
1280503783118730000 
1280501956780400000 
1280501561429540000 
1280499829823730000 
1280496784482140000 
1280495470700300000 
1280492536289680000 
1280492349181880000 
1280491694002240000 
1280488191510880000 
1279152470409850000 
1276618040533270000 
1276606043477370000 
1276603205263240000 
1275895134404640000 
1215280047084500000 
1214970713939090000 